7.589806122315436721e-01,1.000000000000000000e+00,8.754159101119518560e-01,8.131371237430032872e-01,6.601404698932697990e-01,6.354956655185701742e-01,1.018900246901130124e+00
7.618591477522275168e-01,1.000000000000000000e+00,8.689876440310101424e-01,8.126056353339149441e-01,6.618134946075427960e-01,6.432460670932639291e-01,1.022170156082625958e+00
7.699054951393952129e-01,1.000000000000000000e+00,8.692067767834018577e-01,8.071772271630841544e-01,6.716150965758361790e-01,6.265763204329322100e-01,1.008292803678694227e+00
7.839283885731898049e-01,1.000000000000000000e+00,8.608032313628607435e-01,8.081771222597237125e-01,6.644899516444324750e-01,6.398261646334930663e-01,1.021734146491597439e+00
7.780190469435552814e-01,1.000000000000000000e+00,8.676094580827243830e-01,8.069006330823448314e-01,6.560573054129521520e-01,6.337555234845958507e-01,1.019536512569481523e+00
7.758233506125219447e-01,1.000000000000000000e+00,8.794598785251593887e-01,8.291478048933388356e-01,6.706909797520352878e-01,6.468220066432546211e-01,1.035510023371653876e+00
7.677688394388894055e-01,1.000000000000000000e+00,8.679369798954844617e-01,8.200161932483329696e-01,6.722322671653544468e-01,6.387675842209055155e-01,1.037904305695246610e+00
7.785691596872031939e-01,1.000000000000000000e+00,8.779476780743439290e-01,8.183071311849064999e-01,6.690168568574779151e-01,6.354096524715252547e-01,1.035483436868613882e+00
7.866555319827658321e-01,1.000000000000000000e+00,8.572936909871229361e-01,8.068919645710453947e-01,6.583908660329708118e-01,5.979431447238164887e-01,1.023661052165498742e+00
7.570282664862043598e-01,1.000000000000000000e+00,8.763058662294556100e-01,8.146583327345403580e-01,6.648142543575906727e-01,6.456075600064770104e-01,1.021099985061765469e+00
7.642110859082079655e-01,1.000000000000000000e+00,8.646844083372634548e-01,8.093492231305015050e-01,6.519491270250017401e-01,6.756719132231524538e-01,1.008765334883539699e+00
7.697558913482587251e-01,1.000000000000000000e+00,8.641649426324515826e-01,8.043713611073329828e-01,6.573715723076518636e-01,6.282851636541643137e-01,1.020683609048485874e+00
7.692757396483034249e-01,1.000000000000000000e+00,8.670386606496630622e-01,8.173319540080755674e-01,6.687229153409816051e-01,6.333555746014278842e-01,1.033182541531459941e+00
7.767036118070046458e-01,1.000000000000000000e+00,8.739482888697599483e-01,8.216309848477723055e-01,6.725369725982622837e-01,6.411163318482232532e-01,1.041845938274007288e+00
7.772330646588242464e-01,1.000000000000000000e+00,8.732146713571149466e-01,8.209414754759694066e-01,6.690497543968981775e-01,6.389461578121045093e-01,1.029562013732489678e+00
7.290867500611014629e-01,1.000000000000000000e+00,8.047355720953109914e-01,6.807217529149034441e-01,8.143599019932789007e-01,3.809825292589120727e-01,7.070651740246572947e-01
7.902603032581227982e-01,1.000000000000000000e+00,8.098056217055614736e-01,6.811826096409914211e-01,7.878668173920670981e-01,4.493427646464588365e-01,7.458946550090174155e-01
7.101008157719751468e-01,1.000000000000000000e+00,8.833047056070163494e-01,7.505928472559924014e-01,9.338514870891375663e-01,7.470749428390648372e-01,8.850479050815402982e-01
7.238863978533163213e-01,1.000000000000000000e+00,8.757616920032377239e-01,7.337142977581545544e-01,8.738112482739648357e-01,7.384067302050119075e-01,8.534998020815679487e-01
7.198946146854096062e-01,1.000000000000000000e+00,8.614798810246704353e-01,1.055198328033311039e+00,9.076853337782646580e-01,7.667886371578351845e-01,8.249747403567365689e-01
6.913014305951614702e-01,1.000000000000000000e+00,8.773248320757548457e-01,7.437018260778965884e-01,9.014073756689339190e-01,7.601902829530209349e-01,8.548118025803661535e-01
7.147095685640213469e-01,1.000000000000000000e+00,8.768172629982973199e-01,7.390581369777534659e-01,8.940062510482940095e-01,7.456481858517394201e-01,8.425471077633043260e-01
9.959673559485092698e-01,1.000000000000000000e+00,8.035865820554742855e-01,6.914580031697252771e-01,8.408529901409609320e-01,8.865489746332717580e-01,7.943582380232203644e-01
9.003699355422123407e-01,1.000000000000000000e+00,7.985516072311669156e-01,6.728517477491005039e-01,7.899833071497143200e-01,8.519633842704529281e-01,7.881171249041651894e-01
6.979701094622503543e-01,1.000000000000000000e+00,8.609224563953620235e-01,7.176083586831184524e-01,8.404103464569908644e-01,7.464879526608463323e-01,8.361567387006231256e-01
7.649396943913220337e-01,1.000000000000000000e+00,7.975399296015619477e-01,6.909232990432518928e-01,7.941939199556551365e-01,4.459562843546743816e-01,7.278442384582259894e-01
6.853085998208273688e-01,1.000000000000000000e+00,8.566357497760341833e-01,7.275626072755252416e-01,8.725918980642760614e-01,7.788321938150787327e-01,8.260959339107587507e-01
7.923287028397150156e-01,1.000000000000000000e+00,9.031591418405285898e-01,8.643600898785275266e-01,7.093377984850030016e-01,5.929755573574696514e-01,9.938911628287134814e-01
6.801803306718506859e-01,1.000000000000000000e+00,7.294501214556968760e-01,7.064672827967009017e-01,5.916660677105513022e-01,4.861934662751185021e-01,8.236303824371511428e-01
8.189014601729202036e-01,1.000000000000000000e+00,9.075494009153136643e-01,8.615883008122918740e-01,7.113085020138134595e-01,5.851657338349418591e-01,9.916078022343742804e-01
8.324113116198706974e-01,1.000000000000000000e+00,9.028311784329147160e-01,8.486683845050645436e-01,6.930315351441757032e-01,6.141765496588750262e-01,9.697370238091868044e-01
8.222991761940522393e-01,1.000000000000000000e+00,8.978870676269686824e-01,8.694851712219853201e-01,7.088030651668840720e-01,5.946301882503710612e-01,1.021542578423710212e+00
7.964788342935489318e-01,1.000000000000000000e+00,9.060809157733004104e-01,8.835461890202090940e-01,7.236056593301301021e-01,5.992635715343654912e-01,1.037398407201347794e+00
7.953119874866214634e-01,1.000000000000000000e+00,8.975530703258703946e-01,8.621908428004904090e-01,7.100255380095230606e-01,6.324160084445189511e-01,9.943420095936107428e-01
8.149084473508979576e-01,1.000000000000000000e+00,8.971350959699214700e-01,8.485805196896396563e-01,7.057145765450023589e-01,5.783580594652074636e-01,9.866955848823498743e-01
8.082155586097318212e-01,1.000000000000000000e+00,9.008622257216726270e-01,8.385116891892384627e-01,6.899778742241571283e-01,6.326392874582206227e-01,9.630808227973690627e-01
7.950260001139720645e-01,1.000000000000000000e+00,9.033257017397590127e-01,8.555535890545374889e-01,6.769991556180643411e-01,5.920203684991321991e-01,9.929491296369459263e-01
8.102955342008758555e-01,1.000000000000000000e+00,9.046123287099137045e-01,8.636590440741943597e-01,7.164272274903251692e-01,5.728347120717423024e-01,9.886391110973075103e-01
8.272315378370858063e-01,1.000000000000000000e+00,8.902158011516561054e-01,8.658728118592317058e-01,6.949564819610744015e-01,6.101215937662594069e-01,1.019083747196909639e+00
8.129800097350453614e-01,1.000000000000000000e+00,9.071821048645215546e-01,8.556363366819477179e-01,7.072077195361081703e-01,5.941032497752908315e-01,9.796521269064412119e-01
8.224764961143070652e-01,1.000000000000000000e+00,8.848216956818243384e-01,8.728025833612369500e-01,6.976666173103557300e-01,6.135390509394115233e-01,1.017039510438960015e+00
8.171817111663529642e-01,1.000000000000000000e+00,8.949663624394395001e-01,8.593062031637588305e-01,7.213105877728401838e-01,6.081609773813352326e-01,9.913015236424546073e-01
6.963868593483381053e-01,1.000000000000000000e+00,8.503236375291515214e-01,8.203612499254367973e-01,7.051804537723111999e-01,6.138011525772769650e-01,9.005265474457571084e-01
7.816207724650463540e-01,1.000000000000000000e+00,8.681311571615215605e-01,8.367922478331301095e-01,7.687285644089337788e-01,5.764397591713517066e-01,9.299940418730019420e-01
6.519819280257365124e-01,1.000000000000000000e+00,8.728672072441364671e-01,8.460270659712236796e-01,7.738393210464242777e-01,6.876498317773280800e-01,9.397335262243107223e-01
6.200959850410869834e-01,1.000000000000000000e+00,9.019972884574202210e-01,8.849531939377651701e-01,7.121832093015411091e-01,7.961691608750005589e-01,9.837117476846655162e-01
6.913497636278737035e-01,1.000000000000000000e+00,8.716009829703335043e-01,8.348564103283491189e-01,6.374456999782742717e-01,7.356427991697445101e-01,9.777310459137341647e-01
6.161866991566085083e-01,1.000000000000000000e+00,8.987796073732189361e-01,8.751993408667574359e-01,7.103463321401178865e-01,8.166263380331822974e-01,9.794704263047827597e-01
4.858541072508719139e-01,1.000000000000000000e+00,8.181872127024850672e-01,7.204582261452240344e-01,5.891459571990173005e-01,6.688736067728299206e-01,8.169086045769978766e-01
6.725816143389636848e-01,1.000000000000000000e+00,8.855224307769535841e-01,8.623499041596526249e-01,6.924753202137831076e-01,7.700441376967792628e-01,9.848804438134750594e-01
6.809226819077144333e-01,1.000000000000000000e+00,8.764158738827627637e-01,8.476800301776957758e-01,6.741258910065587306e-01,7.534067088633736864e-01,9.972100163191597311e-01
5.587292305159841099e-01,1.000000000000000000e+00,7.886924638037505764e-01,7.094836094242453761e-01,5.628379197949665569e-01,6.110782044259689405e-01,8.157574671897179774e-01
6.547313399293567260e-01,1.000000000000000000e+00,8.949926460019850261e-01,8.650452722914117043e-01,6.883916333197667159e-01,7.728067442573867130e-01,1.021282176848038237e+00
6.869638385854557328e-01,1.000000000000000000e+00,9.035580552830965173e-01,8.722263572899962014e-01,6.909172901760027852e-01,7.767416832674423066e-01,1.019753969131637517e+00
6.593923099806578980e-01,1.000000000000000000e+00,8.953997901642622992e-01,8.767558474588305062e-01,7.058534800742106707e-01,7.963073514564839028e-01,1.001163727034380280e+00
6.730637998152699808e-01,1.000000000000000000e+00,8.717988765349740099e-01,8.460893965959545016e-01,6.713527875771628795e-01,7.922453544480265730e-01,9.977460895444555389e-01
6.749037899623101522e-01,1.000000000000000000e+00,8.987991532631852687e-01,8.696761367675938104e-01,6.948982155793699267e-01,8.174909366490463736e-01,1.002910080748369515e+00
6.512651195841187013e-01,1.000000000000000000e+00,9.096750320816963109e-01,8.894601529759170733e-01,7.197151892674216178e-01,8.050077388450889160e-01,1.014026852473197682e+00
6.982443528245462216e-01,1.000000000000000000e+00,9.027820382335507432e-01,8.600657674881044823e-01,6.818118992304573744e-01,7.993744546847459942e-01,1.009380308450146257e+00
6.487792740958329141e-01,1.000000000000000000e+00,9.142582543943640339e-01,8.935287701644245573e-01,7.287842937233051099e-01,8.133470096635800894e-01,9.955419774534094435e-01
7.493023424324405379e-01,1.000000000000000000e+00,8.020257283140277416e-01,7.349667536095585429e-01,6.334915929009516944e-01,5.948060746510758223e-01,9.796505477990024024e-01
7.445072844712402604e-01,1.000000000000000000e+00,7.982108788698423218e-01,7.340955430521425296e-01,6.366616109487616137e-01,6.075721705570283904e-01,9.874369115873753433e-01
6.975219281447158082e-01,1.000000000000000000e+00,8.110329792154604700e-01,7.418840025132295013e-01,6.414608705611981598e-01,7.229551252735102462e-01,9.830997990966202638e-01
6.979105005811938600e-01,1.000000000000000000e+00,8.106816187660680351e-01,7.400773994403975209e-01,6.436069581701926445e-01,7.217643208314559189e-01,9.902938645371769377e-01
7.533908394255570684e-01,1.000000000000000000e+00,7.919399705988349192e-01,7.293398193906619476e-01,6.271058397335690371e-01,5.912956601168352089e-01,9.885263724759736359e-01
7.551565234674505467e-01,1.000000000000000000e+00,7.968156948908826642e-01,7.364919790385441312e-01,6.368895583852435260e-01,6.014094044599688216e-01,9.952212447519839245e-01
7.499167596340983177e-01,1.000000000000000000e+00,7.975089994450512698e-01,7.329038259093059171e-01,6.300050071850583633e-01,5.970134288699302516e-01,9.917263915210897673e-01
7.506244272452371469e-01,1.000000000000000000e+00,7.893605629337816509e-01,7.319723633465065049e-01,6.255206911048902807e-01,5.990442565141819165e-01,9.829417389700226826e-01
7.107559884800477290e-01,1.000000000000000000e+00,8.058723368513099894e-01,7.473681951158754888e-01,6.474683777453151823e-01,7.210265885563235111e-01,9.859713967914907062e-01
7.055183586511679650e-01,1.000000000000000000e+00,8.224030926192217317e-01,7.528380931532212550e-01,6.575662425908973541e-01,7.250045661667904318e-01,9.971479750922187524e-01
7.554227081595960014e-01,1.000000000000000000e+00,7.962939799086303783e-01,7.359973734549987157e-01,6.317593356645998526e-01,6.002630171433313011e-01,9.939075457620016874e-01
7.231435895822875271e-01,1.000000000000000000e+00,8.121877933853922649e-01,7.526261434451021470e-01,6.514066967450711232e-01,7.216462526169332703e-01,9.933719411942281141e-01
7.176047241858426462e-01,1.000000000000000000e+00,8.182904872981926481e-01,7.501819438697551190e-01,6.540103126725477223e-01,7.165773831676629513e-01,9.953570399898982179e-01
7.456781792475627446e-01,1.000000000000000000e+00,7.990374370409081273e-01,7.358288229608273001e-01,6.320794352485289425e-01,6.036968044402951650e-01,9.884333065361555759e-01
7.481434770005269685e-01,1.000000000000000000e+00,7.959879787770386406e-01,7.324635741767324681e-01,6.240399810133092640e-01,6.020896668222818215e-01,9.887808315357108357e-01
7.386564793824630382e-01,1.000000000000000000e+00,9.116082637507749720e-01,8.590484378963745282e-01,7.670194929506306547e-01,8.776096668284035784e-01,1.004527618061110239e+00
7.798500478158590932e-01,1.000000000000000000e+00,9.225889873901713667e-01,8.530021169112935731e-01,7.541970001870142992e-01,8.471682636054310711e-01,1.029943301974937997e+00
7.430818270389555336e-01,1.000000000000000000e+00,9.169161059734310948e-01,8.579011635977893402e-01,7.590077681612685812e-01,8.621982451798630986e-01,1.007934263558344146e+00
7.485767624283168331e-01,1.000000000000000000e+00,9.138621733060827701e-01,8.593901874806256780e-01,7.618302290603184979e-01,8.561604769536427240e-01,1.008669286371965512e+00
7.641741567459964246e-01,1.000000000000000000e+00,9.165420162057517084e-01,8.573172511864559642e-01,7.706279883540377851e-01,8.491955910281211439e-01,1.005011428272396756e+00
7.611887563161987558e-01,1.000000000000000000e+00,9.005598625512517552e-01,8.462139017466820956e-01,7.576427752183108044e-01,8.648567503674118306e-01,9.909492393008615396e-01
7.451753835617008770e-01,1.000000000000000000e+00,9.086012704043967547e-01,8.560954425378963784e-01,7.643318330333505051e-01,8.766536089511586249e-01,9.996070315008985796e-01
7.597380566045058847e-01,1.000000000000000000e+00,9.117007084790856863e-01,8.558440952797109480e-01,7.605147612628925247e-01,8.638032718636344809e-01,1.002035738475965054e+00
7.488206517147555363e-01,1.000000000000000000e+00,9.097937380716569766e-01,8.588425914213614343e-01,7.616364039112762940e-01,8.611767101106051481e-01,9.984005005788398890e-01
7.396529354785501553e-01,1.000000000000000000e+00,9.170399902032428940e-01,8.582525751471414832e-01,7.643163349883936863e-01,8.690159917961901570e-01,9.989751601822075555e-01
7.473685266399827665e-01,1.000000000000000000e+00,9.157912777972232465e-01,8.516913929943555894e-01,7.701740973508583998e-01,8.518495788354943921e-01,1.010816782520234103e+00
7.794501635065628209e-01,1.000000000000000000e+00,9.051263106479492393e-01,8.480064016316958275e-01,7.600897768360419526e-01,8.601486015867266799e-01,1.014787345376449323e+00
7.584359783092993190e-01,1.000000000000000000e+00,8.637608239583467462e-01,7.916061952672457380e-01,7.156345663210215147e-01,6.479324315867116546e-01,8.467400296455493969e-01
7.322252700869085196e-01,1.000000000000000000e+00,8.959095077929724038e-01,8.212232901639434646e-01,7.313317672890696786e-01,5.871246755292990338e-01,8.547829234102926055e-01
7.430110997422939567e-01,1.000000000000000000e+00,8.802156932710241133e-01,8.078651423971733303e-01,6.514739916574617817e-01,6.889910440536819447e-01,9.009054752916001441e-01
7.287880582863544010e-01,1.000000000000000000e+00,8.808264478707686918e-01,7.888431202517779406e-01,7.781572517494317331e-01,5.811391508503852554e-01,7.879628264719388264e-01
7.488239125192253098e-01,1.000000000000000000e+00,8.923047972671646066e-01,8.474165062778283852e-01,1.071299222553700137e+00,7.191671869163871467e-01,8.585053049210342735e-01
7.251078511777331315e-01,1.000000000000000000e+00,8.851862927002743797e-01,7.916588262203072546e-01,6.156085920389255950e-01,5.873179154070526931e-01,8.467065098972568205e-01
7.263586413851975676e-01,1.000000000000000000e+00,8.982172191657761262e-01,8.288820738274172983e-01,8.232542864391159121e-01,5.922393018543937737e-01,8.489963427638251847e-01
7.484201391125269165e-01,1.000000000000000000e+00,8.668415174999137829e-01,7.804878777665529288e-01,6.872679709982856266e-01,6.021187485006254114e-01,8.084642451427892507e-01
7.379188222493157090e-01,1.000000000000000000e+00,8.941755903747339307e-01,8.167515280307465764e-01,7.399977667046422347e-01,6.035289530036699324e-01,8.448984762875120236e-01
7.663640823551511883e-01,1.000000000000000000e+00,8.999992595899614090e-01,1.107985364809509932e+00,9.896490718836737921e-01,6.196970202738364408e-01,7.622818109279149157e-01
7.521946274812816302e-01,1.000000000000000000e+00,8.972168204698158789e-01,8.279470052935364865e-01,7.250911779155944092e-01,6.010008786588213470e-01,8.440098983900997665e-01
7.481347875733079800e-01,1.000000000000000000e+00,8.717148573087590835e-01,7.899414833833018346e-01,7.211364197217171590e-01,6.512976886534168619e-01,8.241679623648805464e-01
7.059598503773621969e-01,1.000000000000000000e+00,8.797570197464203989e-01,8.090564960453030530e-01,7.296716313898824469e-01,5.988552297566553939e-01,8.246713033813470872e-01
7.595033048857184887e-01,1.000000000000000000e+00,7.992591361732254152e-01,7.536034700593933211e-01,7.454071742242726062e-01,7.706499693459230027e-01,9.078319196746764685e-01
6.961556642034382181e-01,1.000000000000000000e+00,1.343607293699250915e+00,1.318188299859192281e+00,9.093515890045654748e-01,8.488533530300772512e-01,5.995270229947711194e-01
9.175044050876970392e-01,1.000000000000000000e+00,9.188311979190620926e-01,6.102077902648158636e-01,5.924090089017014504e-01,2.418254780775348500e-01,6.647507183561636168e-01
9.117448445142147806e-01,1.000000000000000000e+00,9.353798363570429153e-01,6.343055461111019033e-01,5.955019902113557473e-01,2.304225006736695947e-01,6.801133675575556925e-01
7.681888694960984365e-01,1.000000000000000000e+00,8.411366424450037460e-01,7.709320270550462650e-01,7.572062540155913846e-01,6.858318033006842729e-01,9.454666659420725150e-01
6.414567355326227238e-01,1.000000000000000000e+00,1.345550286975158327e+00,1.304805833144090155e+00,9.927505392685479491e-01,9.362873420740582819e-01,6.182692166834337089e-01
7.386774955578476742e-01,1.000000000000000000e+00,7.922780429662348300e-01,7.394023851010650406e-01,7.489845163882913326e-01,7.776708689232575411e-01,8.822647178020867065e-01
7.437455121320726281e-01,1.000000000000000000e+00,8.033935492532584544e-01,7.098754339967351390e-01,6.369113149891145742e-01,7.504233130329434065e-01,8.509437303611858683e-01
7.585197929167807329e-01,1.000000000000000000e+00,8.295471177477756752e-01,7.628137855841604642e-01,6.762403581480711523e-01,7.342993744953957291e-01,8.991464329213808560e-01
8.088748372361702632e-01,1.000000000000000000e+00,9.047204771504551157e-01,5.653469417031089517e-01,6.243549468895966958e-01,1.783979564884630720e-01,6.643136148544167563e-01
7.195480642170928309e-01,1.000000000000000000e+00,8.396283616500003211e-01,7.654549665439419615e-01,7.719846197979349789e-01,7.925180659628152657e-01,9.268472054648011493e-01
7.431771450996508266e-01,1.000000000000000000e+00,7.946964289180115104e-01,7.519798681927145623e-01,7.473261329894397287e-01,7.829426471188960512e-01,9.008144596451870267e-01
1.270073611692148052e+00,1.000000000000000000e+00,9.896919234191410286e-01,6.310946828295592725e-01,5.725427176634052540e-01,3.869363297825625381e-01,6.580530371515160848e-01
8.001705156337690639e-01,1.000000000000000000e+00,1.568879196029855372e+00,1.545857220441052338e+00,9.345597067478005338e-01,1.067161222702382339e+00,7.583907013989316104e-01
1.243806974453238956e+00,1.000000000000000000e+00,1.007535956371044206e+00,6.406673415608959976e-01,5.823843816931332240e-01,3.842399091500988129e-01,6.640380122333588986e-01
1.288724845445289313e+00,1.000000000000000000e+00,1.003060161984142162e+00,6.404431730252837518e-01,5.838971536718123856e-01,4.097830718772835779e-01,6.514429382690765102e-01
1.235664218069757680e+00,1.000000000000000000e+00,1.014887875195957800e+00,6.351187390904342589e-01,5.808294145811253584e-01,3.807118102249172908e-01,6.716553701719985003e-01
8.140480566361942838e-01,1.000000000000000000e+00,1.587692240157998702e+00,1.551199845360940355e+00,9.224232972380728146e-01,1.086887396513572357e+00,7.660938879284454606e-01
1.233619984225226673e+00,1.000000000000000000e+00,1.010236826718818426e+00,6.352817881145993439e-01,5.808962914750260831e-01,3.864396591579313256e-01,6.707599901455929547e-01
1.204911971676997817e+00,1.000000000000000000e+00,1.005909000361880912e+00,6.367042942041551967e-01,5.813142464118246089e-01,3.686918066834818930e-01,6.690611101419323692e-01
8.371961146523679842e-01,1.000000000000000000e+00,1.597611373525538392e+00,1.566423221933898713e+00,9.300700785511266666e-01,1.088757054622608855e+00,7.646346440117059995e-01
1.224833023979795543e+00,1.000000000000000000e+00,1.003955250293143475e+00,6.354297881867876363e-01,5.790871846374703313e-01,3.780537603792651358e-01,6.748880400382923916e-01
1.236147441157916305e+00,1.000000000000000000e+00,1.011541150836934744e+00,6.343843616394174711e-01,5.793051913101693318e-01,3.805187883352078582e-01,6.661703909905589693e-01
7.987405560855787012e-01,1.000000000000000000e+00,1.590178972091267129e+00,1.571255244734408807e+00,9.363131086476356169e-01,1.129648299811108147e+00,7.648713959390094352e-01
1.241094822334172454e+00,1.000000000000000000e+00,1.015602340870405795e+00,6.390235202187209973e-01,5.902148438452123891e-01,3.851303788875597989e-01,6.658293665888270763e-01
7.817260064123597862e-01,1.000000000000000000e+00,9.816085836025489897e-01,9.776053183756053810e-01,8.163400774716521591e-01,1.186198875977916067e+00,1.090523081052382048e+00
8.094461778438311050e-01,1.000000000000000000e+00,1.586799558824863565e+00,1.564377783461547322e+00,9.305262495842886450e-01,1.116593417155433254e+00,7.628522642033990220e-01
7.840819501701977723e-01,1.000000000000000000e+00,9.323889329077159616e-01,9.021308471085404124e-01,7.046438349749769570e-01,1.014408937063390193e+00,9.445008185780329191e-01
8.566625117032767855e-01,1.000000000000000000e+00,8.860758290640982082e-01,8.285744322906025694e-01,6.086525603932594342e-01,7.338319971271747288e-01,9.157988015711867602e-01
8.210427541271246854e-01,1.000000000000000000e+00,8.719194004739311277e-01,8.522974685257223015e-01,6.825980545474065186e-01,7.656818495527655255e-01,9.113782089791510055e-01
8.536072016855172917e-01,1.000000000000000000e+00,8.803470150686900642e-01,8.258852538626014761e-01,6.368238017343930135e-01,7.457389217971772677e-01,8.828014069292763333e-01
8.257241267101016469e-01,1.000000000000000000e+00,8.784651121909612392e-01,8.363753971845823143e-01,6.170705896577692862e-01,7.184462876966555278e-01,9.200288865410588546e-01
8.490432400578576955e-01,1.000000000000000000e+00,8.761091329673912353e-01,8.311055501931678968e-01,6.293322610745475387e-01,7.346425329917353197e-01,8.940246433932836911e-01
7.856448082724254434e-01,1.000000000000000000e+00,8.750974581947016384e-01,8.542484859068306680e-01,6.653981099238511776e-01,8.353640405925959467e-01,9.229369936684682640e-01
8.492900327686309092e-01,1.000000000000000000e+00,8.855743822653336927e-01,8.433838483480874393e-01,6.345885887870129638e-01,7.403697548001306750e-01,8.939904062772119353e-01
6.481852118648414596e-01,1.000000000000000000e+00,9.023374918231276132e-01,8.646092320107723328e-01,8.339696077670755159e-01,7.967489138229836287e-01,8.650774408864558840e-01
5.797709539098142573e-01,1.000000000000000000e+00,9.448996718833861941e-01,8.735371009326211578e-01,8.313409073368697166e-01,6.340745826573768174e-01,9.243168853415532071e-01
5.811299114947671152e-01,1.000000000000000000e+00,9.663165472053282246e-01,9.017131085294506354e-01,8.642889097513928309e-01,7.009933513398458604e-01,9.190742163457673586e-01
6.970125307924187608e-01,1.000000000000000000e+00,8.683127118880589190e-01,8.128081169765279945e-01,7.716019090876503617e-01,4.097201754049243361e-01,8.815495339344242565e-01
5.484245288085214387e-01,1.000000000000000000e+00,9.625838699851190228e-01,9.075936004582945138e-01,8.493988108638961254e-01,7.287409101643930187e-01,9.189907929638124751e-01
7.045740383879931512e-01,1.000000000000000000e+00,9.244586140781844152e-01,8.670218599763781508e-01,8.217399853907668694e-01,6.381104140511295597e-01,9.388694777701365179e-01
6.821696208535651396e-01,1.000000000000000000e+00,9.138463093355393418e-01,8.642062821586884436e-01,8.314722042359131704e-01,6.408927157294378452e-01,8.943444594743282794e-01
6.754664333708039203e-01,1.000000000000000000e+00,9.112143918624213690e-01,8.673017867965746586e-01,8.539250976705066165e-01,3.953034858608424629e-01,9.140894556249835601e-01
5.830582869527839440e-01,1.000000000000000000e+00,9.621216859030221613e-01,9.026111100971091483e-01,8.482836673588750598e-01,6.793369307458535511e-01,9.161804988575389386e-01
6.941562513715633376e-01,1.000000000000000000e+00,9.440488791967696081e-01,8.913503010168496443e-01,8.756208308106386839e-01,7.380688285406872273e-01,9.547157035778373046e-01
7.038108485946824588e-01,1.000000000000000000e+00,8.973763532413208122e-01,8.350253077683438274e-01,7.024834285223828800e-01,3.814387439653585954e-01,8.982375709600169955e-01
7.090626198955312098e-01,1.000000000000000000e+00,9.100884944868729010e-01,8.510160584487018731e-01,7.236298618094644253e-01,4.208414842028541658e-01,9.014873953666374673e-01
7.472499696539776082e-01,1.000000000000000000e+00,8.904870339418857750e-01,8.398136927402579666e-01,7.775644287544390965e-01,6.324779507899138675e-01,9.759247205095971101e-01
7.222959558618081699e-01,1.000000000000000000e+00,8.423673187838296439e-01,8.218382819397683781e-01,8.692811802942156385e-01,6.524834394004532800e-01,9.626122129353755774e-01
7.341103727293124548e-01,1.000000000000000000e+00,8.907235831987172503e-01,8.610437059291226047e-01,8.325746409264320747e-01,6.371817981711391798e-01,9.907333368730656398e-01
7.383691501395304169e-01,1.000000000000000000e+00,8.864933405126613764e-01,8.300367802889990765e-01,6.346690995155482851e-01,6.484411182040192845e-01,9.202928164856809534e-01
7.449193741617050613e-01,1.000000000000000000e+00,8.889926622514017218e-01,8.374011523763015274e-01,7.705181008833159595e-01,6.802575666346433181e-01,9.729734546319139810e-01
7.468038714227247521e-01,1.000000000000000000e+00,8.503593782722904670e-01,8.632984099960878677e-01,9.074681945842153485e-01,6.501022404779690511e-01,9.905233862999366368e-01
7.767813245465067240e-01,1.000000000000000000e+00,8.914407252188879527e-01,8.284149817919572723e-01,7.558677658789308973e-01,6.251495274952610925e-01,9.860007408188639078e-01
7.515079653799535686e-01,1.000000000000000000e+00,8.599683336669771139e-01,8.291857067279108096e-01,7.885454232892681325e-01,6.345168372290400649e-01,9.855152070239961981e-01
7.452632849127254211e-01,1.000000000000000000e+00,9.015624470695000614e-01,8.377677786693861206e-01,7.791082086877659796e-01,6.479731361222768049e-01,9.679965833169569267e-01
7.562613472085986110e-01,1.000000000000000000e+00,8.874131444062326457e-01,8.329745902656917611e-01,7.698394414793277019e-01,6.540922554287579294e-01,9.735390983776476270e-01
7.463187671201115814e-01,1.000000000000000000e+00,8.920531820309245408e-01,8.426913067896671938e-01,7.821885579314825643e-01,6.312186782729707346e-01,9.765660987443021135e-01
7.516275589189271855e-01,1.000000000000000000e+00,8.652527512793299902e-01,8.292055455063023217e-01,8.265304299833508006e-01,6.373707023375921876e-01,9.862908274708399592e-01
7.602124259969051945e-01,1.000000000000000000e+00,8.701856171676136675e-01,8.516861963641491062e-01,9.085500322008734919e-01,7.108662858118436345e-01,9.935210829611660355e-01
7.780775651946154614e-01,1.000000000000000000e+00,8.992366544611309909e-01,8.344342098314146972e-01,7.069277128771639385e-01,6.343647060521586667e-01,9.856474607030450974e-01
7.306975587611980183e-01,1.000000000000000000e+00,8.415233452664526714e-01,7.353701719995026087e-01,7.079754408311759173e-01,6.897359017974034057e-01,1.145204458630822320e+00
7.137860303489258484e-01,1.000000000000000000e+00,8.387108525952957638e-01,7.389793701470147580e-01,7.019531259621987207e-01,6.729741445404563427e-01,1.136904774831202447e+00
7.344190194008575201e-01,1.000000000000000000e+00,8.400331891211472168e-01,7.323109376872133369e-01,6.983065613285002193e-01,6.763384146422891652e-01,1.152224694654835790e+00
7.273741127503607906e-01,1.000000000000000000e+00,8.391887336624781479e-01,7.450302808271445087e-01,7.103014453527448646e-01,6.805470982060979335e-01,1.145904822134756307e+00
7.234743231601379332e-01,1.000000000000000000e+00,8.556224750122017886e-01,7.478803859521452324e-01,7.136665543794382671e-01,7.059652481428642101e-01,1.148562368412596069e+00
7.228360898430242765e-01,1.000000000000000000e+00,8.509344609715894237e-01,7.600235409167296341e-01,6.890563997560202880e-01,6.952692723127955610e-01,1.136942820741563276e+00
7.231309760330421055e-01,1.000000000000000000e+00,8.355983251888302599e-01,7.442462784536986176e-01,6.870610020500665938e-01,6.709358542904592104e-01,1.136099458255674488e+00
7.147592343692085182e-01,1.000000000000000000e+00,8.315710035007684020e-01,7.298757435028890850e-01,6.890282551586656146e-01,6.901072472584249828e-01,1.148353352110602188e+00
7.248172190590034258e-01,1.000000000000000000e+00,8.639293251606526836e-01,7.720626829822677673e-01,7.109872196329938276e-01,7.023039266471624575e-01,1.141828221838215640e+00
7.242721741109687805e-01,1.000000000000000000e+00,8.600341341072530454e-01,7.593485451255879148e-01,7.112498260907981207e-01,6.962268631767819516e-01,1.142648400966794986e+00
7.106706663768292964e-01,1.000000000000000000e+00,8.265887188062210900e-01,7.385629048607709191e-01,7.001675664462748694e-01,6.976706140280557467e-01,1.146558505415474105e+00
7.276939609237634832e-01,1.000000000000000000e+00,8.365990743592571777e-01,7.436455264750839733e-01,7.078365887759652253e-01,6.831922550188159748e-01,1.142766533160459508e+00
7.110242024932188487e-01,1.000000000000000000e+00,8.548537919612275715e-01,7.696688121057784215e-01,6.865563163981499573e-01,6.902369276856552549e-01,1.139085193126602835e+00
7.182127249946127501e-01,1.000000000000000000e+00,8.696381733700352390e-01,7.878273084551229433e-01,6.892316730832388494e-01,6.999626934782079424e-01,1.159919109774999235e+00
7.182075248319494953e-01,1.000000000000000000e+00,8.828200061833232359e-01,8.629618932108238383e-01,7.718002397490938415e-01,5.997710616580657073e-01,1.006069705469169184e+00
7.161942856256213741e-01,1.000000000000000000e+00,9.182599549087082647e-01,8.312400555099582755e-01,7.775388601982643477e-01,6.533154432279283386e-01,9.762303903902012081e-01
6.993293913055558253e-01,1.000000000000000000e+00,8.781282606571664262e-01,8.654884816030393724e-01,7.994427529579710701e-01,6.468817184031335765e-01,1.014466387962523086e+00
7.163300306920596938e-01,1.000000000000000000e+00,8.830303359780035111e-01,8.528693561231177611e-01,7.900181724943339256e-01,6.218464997947087403e-01,1.017865170319966817e+00
6.732409704286912433e-01,1.000000000000000000e+00,8.803075841393387391e-01,9.003067394936332679e-01,8.425221555046358279e-01,6.502106042247860485e-01,9.978041714066729906e-01
7.217845258585918744e-01,1.000000000000000000e+00,8.579423704582228583e-01,8.345261817712633645e-01,7.270513657028246923e-01,6.379215639216323508e-01,9.735106552370099697e-01
6.957875290889526942e-01,1.000000000000000000e+00,8.970411542729201937e-01,8.684652575516417228e-01,7.845026659316056694e-01,6.305213025086024992e-01,1.010710877229111349e+00
7.583840643563233286e-01,1.000000000000000000e+00,8.712870847917572048e-01,8.647776872850067020e-01,7.838135272264634690e-01,6.801540112394065529e-01,1.038182995784509677e+00
7.065417844292245508e-01,1.000000000000000000e+00,8.846036023705727835e-01,8.644786759616198690e-01,8.097825861523570978e-01,6.315302565685123604e-01,1.002137109744097421e+00
7.103738442523228613e-01,1.000000000000000000e+00,8.780153946932761633e-01,8.713906205327591747e-01,8.147286816886132321e-01,6.325324449341166444e-01,1.001753568044355003e+00
6.921969547353871155e-01,1.000000000000000000e+00,8.687163781598229439e-01,8.234690720525591479e-01,6.655009219886051097e-01,5.711123771938317883e-01,9.284088850643980040e-01
6.769188005121551388e-01,1.000000000000000000e+00,8.875537007210564378e-01,8.574140505361401710e-01,7.785194730600885071e-01,6.497590534652200045e-01,1.017835960562523789e+00
6.407791086231982014e-01,1.000000000000000000e+00,9.048496900330550430e-01,8.795212456828375158e-01,6.652504251296358362e-01,5.852302142629123294e-01,8.818543142631051213e-01
6.313671794085754518e-01,1.000000000000000000e+00,8.979619229442686867e-01,8.719599303206649887e-01,6.655409793310038680e-01,5.902425471809505941e-01,8.735673502962620907e-01
6.507504794920891955e-01,1.000000000000000000e+00,8.900018623365757442e-01,8.643877843141150041e-01,6.562886670590608595e-01,5.617060581951308640e-01,8.800990394962383556e-01
6.534868000261474519e-01,1.000000000000000000e+00,8.796046137254949215e-01,8.558490812977694873e-01,6.436169883749208731e-01,5.791118574425995202e-01,8.689248011464444366e-01
6.387134969740032586e-01,1.000000000000000000e+00,8.992685833850124766e-01,8.739525272203239048e-01,6.678685490645851486e-01,5.807584302813010302e-01,8.741374750632586732e-01
6.372120818464822589e-01,1.000000000000000000e+00,8.936972570371708446e-01,8.678979538346607292e-01,6.640954908793793576e-01,5.769135592793740441e-01,8.748768117293390656e-01
6.479003059686836430e-01,1.000000000000000000e+00,9.025242611986364905e-01,8.729960906861731207e-01,6.667789392997393039e-01,5.894811515323263862e-01,8.822711384748779251e-01
6.420435561452018103e-01,1.000000000000000000e+00,9.038001223629349434e-01,8.712681598363396507e-01,6.643282766673999085e-01,6.049022442851482717e-01,8.806240466998850325e-01
6.421755060191671749e-01,1.000000000000000000e+00,8.913398046475027314e-01,8.655753976691129559e-01,6.581834238075651156e-01,5.541052762938615261e-01,8.845175906432024560e-01
6.457683321713683089e-01,1.000000000000000000e+00,8.876854866276635558e-01,8.624686627029640729e-01,6.550960072965887893e-01,5.622052787152033160e-01,8.865790580437262758e-01
6.400070903319805549e-01,1.000000000000000000e+00,8.846712627867582279e-01,8.613856426009729450e-01,6.542612694118583594e-01,5.682879269307689052e-01,8.695350647259089127e-01
6.529049464897745958e-01,1.000000000000000000e+00,8.917637550376775746e-01,8.647875602375681980e-01,6.590675177976070831e-01,5.613944384670003229e-01,8.791996764053836566e-01
6.471448929880416756e-01,1.000000000000000000e+00,8.901864654349754824e-01,8.666141842337160561e-01,6.598864417102665580e-01,5.589587213470940119e-01,8.812322135567363102e-01
6.429024384061745589e-01,1.000000000000000000e+00,8.885644108743091518e-01,8.597159384030952367e-01,6.578243501593009634e-01,5.545122229404911840e-01,8.774506091388426521e-01
6.348804993127787899e-01,1.000000000000000000e+00,8.906136508942784635e-01,8.655656079443377893e-01,6.573748700286793367e-01,5.751349883088926473e-01,8.714920582789679182e-01
6.764834074992357449e-01,1.000000000000000000e+00,8.974286521371979131e-01,8.600152260873911159e-01,6.601885990793940895e-01,5.178281805155009465e-01,9.612103759058543417e-01
7.098306102947575802e-01,1.000000000000000000e+00,9.174440116558273406e-01,8.831918401370761895e-01,6.843486532537236267e-01,4.874149957264419242e-01,1.009494078903845349e+00
6.543583130194976505e-01,1.000000000000000000e+00,8.979653851182056723e-01,8.786680608864267938e-01,7.342041909383358878e-01,5.145791671480807183e-01,1.004207256539879634e+00
6.814291438288533342e-01,1.000000000000000000e+00,8.919575777106095726e-01,8.626119792983591994e-01,7.127677760805629648e-01,5.165590756667852723e-01,9.692226149715507111e-01
6.565230992006689803e-01,1.000000000000000000e+00,9.325395714800859270e-01,8.958226543484222315e-01,6.702256258973043890e-01,5.931079318972115599e-01,9.856990802493444948e-01
6.755348639500435848e-01,1.000000000000000000e+00,9.065762506296882739e-01,8.982930193455166412e-01,7.964219544584666410e-01,5.127571078896274726e-01,9.861215247997293654e-01
6.344461637199532156e-01,1.000000000000000000e+00,9.429051632157516849e-01,8.764866879017870760e-01,8.857537827629358151e-01,5.933363040184213011e-01,9.141491242204378143e-01
6.543142410623156158e-01,1.000000000000000000e+00,9.272549433693603183e-01,8.920007138972242400e-01,7.074022349785711317e-01,5.978953595065180648e-01,9.713657218246941616e-01
6.574849642902172997e-01,1.000000000000000000e+00,9.166947481355897098e-01,9.011314884183518892e-01,7.420103456233689831e-01,5.817619954472108557e-01,9.951647375288934505e-01
6.971461928420641385e-01,1.000000000000000000e+00,9.044765728709345254e-01,8.880400223643345470e-01,7.421413478491037941e-01,4.954698672516441027e-01,1.021185155944088319e+00
7.072631650002936254e-01,1.000000000000000000e+00,9.092571621254256220e-01,8.658168004117000605e-01,7.403678188913526137e-01,5.033873950558416244e-01,9.783098661216175218e-01
6.485404197011779281e-01,1.000000000000000000e+00,9.145728396326027188e-01,8.714158301360571679e-01,6.840650968250212571e-01,5.737114764358577368e-01,9.495469960762931150e-01
6.957934412011493874e-01,1.000000000000000000e+00,9.046134003043770910e-01,8.550436478974019483e-01,7.223600441337696410e-01,5.059310761637654252e-01,9.713522750338999812e-01
6.912225416215725948e-01,1.000000000000000000e+00,9.145306409461742003e-01,8.883123773134431467e-01,7.087306078652770847e-01,4.956311813240095177e-01,1.033284361089383152e+00
6.911708068174228226e-01,1.000000000000000000e+00,8.907659227748159214e-01,8.536372490836889870e-01,6.451931891080575632e-01,5.086925688382523125e-01,9.550157071701997902e-01
6.507711376030931305e-01,1.000000000000000000e+00,9.291157367153932700e-01,8.826792814038030288e-01,6.607024003551187352e-01,6.046871762855151600e-01,9.583662595956228270e-01
1.093523576788523854e+00,1.000000000000000000e+00,8.551383989897480831e-01,7.526728676537425278e-01,6.459199081385725849e-01,7.237037651470589195e-01,8.286695465315317977e-01
1.097329174898417081e+00,1.000000000000000000e+00,8.291865738951613718e-01,7.222818575670562069e-01,6.104298622607259306e-01,6.739650961299250564e-01,7.961719478755108215e-01
1.076491374179914473e+00,1.000000000000000000e+00,8.303553845430843294e-01,7.360882602472117453e-01,6.147682085978096733e-01,6.953249884097277844e-01,8.079112348195965909e-01
1.112447642816948301e+00,1.000000000000000000e+00,8.245871263311357335e-01,7.291325387797840119e-01,6.236110250482224115e-01,6.671160129973804365e-01,8.033523230274486338e-01
1.154751951968644885e+00,1.000000000000000000e+00,8.067022423743571702e-01,7.303531279494098749e-01,6.251477725021332699e-01,4.948347768451930584e-01,7.834189334239213265e-01
1.014794535774083961e+00,1.000000000000000000e+00,8.452534469792101213e-01,7.554985943947024607e-01,6.935585247720931212e-01,5.470692234459514358e-01,8.440597041349855445e-01
9.700890664958893295e-01,1.000000000000000000e+00,9.047554230171417355e-01,7.852385732108666527e-01,6.525297074900791028e-01,6.412541590911704503e-01,8.047393143028830353e-01
1.098414236616708006e+00,1.000000000000000000e+00,8.063100299297192297e-01,7.115499568654585216e-01,6.058954877784608062e-01,6.031351872006580628e-01,7.660962345694772857e-01
9.329125543049731073e-01,1.000000000000000000e+00,8.887387005694289410e-01,7.819357928716258455e-01,6.512058397864044501e-01,6.523366129791037249e-01,7.877307806461207873e-01
8.958520860186879320e-01,1.000000000000000000e+00,8.510697377261441376e-01,7.472299028710300828e-01,6.211011987895730391e-01,5.317463331658913717e-01,8.090965068183262332e-01
9.302150272152273081e-01,1.000000000000000000e+00,8.381725579788452674e-01,7.352332523631238681e-01,6.348784808785091771e-01,4.895423970340944120e-01,7.943644417183219897e-01
1.155912905603282193e+00,1.000000000000000000e+00,8.190255069589421622e-01,6.990144869685517293e-01,5.851719402128546799e-01,5.751063484541077964e-01,7.657121584566211059e-01
9.423628178214434881e-01,1.000000000000000000e+00,8.735314280848923696e-01,7.752716224256555044e-01,6.337322068555962806e-01,6.108308992737517817e-01,8.285445841693355185e-01
